

a = [1 2 3; 4 5 6; 7 8 9]

B = [10 11 12
     13 14 15
     16 17 18]

 C = a + B

D = B*a

E = a.*B

F = a*B;

F(3,:)

F(:,2)

G =  [sqrt(8), 10^1.3, exp(1)] .* [log(7.6) ; 8/11 ; pi]