function transmission = Tr(lambda)

    tr_blue = [4.00000000000000e-07,0.0217020000000000;4.10000000000000e-07,0.0977580000000000;4.20000000000000e-07,0.498980000000000;4.30000000000000e-07,0.659170000000000;4.40000000000000e-07,0.696250000000000;4.50000000000000e-07,0.809490000000000;4.60000000000000e-07,0.854470000000000;4.70000000000000e-07,0.794600000000000;4.80000000000000e-07,0.720310000000000;4.90000000000000e-07,0.621000000000000;5.00000000000000e-07,0.526680000000000;5.10000000000000e-07,0.397330000000000;5.20000000000000e-07,0.219160000000000;5.30000000000000e-07,0.155690000000000;5.40000000000000e-07,0.104950000000000;5.50000000000000e-07,0.0807730000000000;5.60000000000000e-07,0.0501050000000000;5.70000000000000e-07,0.0411030000000000;5.80000000000000e-07,0.0335630000000000;5.90000000000000e-07,0.0279400000000000;6.00000000000000e-07,0.0194290000000000;6.10000000000000e-07,0.0140830000000000;6.20000000000000e-07,0.00888830000000000;6.30000000000000e-07,0.00799590000000000;6.40000000000000e-07,0.00750410000000000;6.50000000000000e-07,0.00854600000000000;6.60000000000000e-07,0.00825070000000000;6.70000000000000e-07,0.00811550000000000;6.80000000000000e-07,0.00385800000000000;6.90000000000000e-07,0.000747180000000000;7.00000000000000e-07,0.000201820000000000;7.10000000000000e-07,7.48340000000000e-05;7.20000000000000e-07,5.01410000000000e-05];
    tr_red = [4.00000000000000e-07,0.00369390000000000;4.10000000000000e-07,0.00578900000000000;4.20000000000000e-07,0.0119720000000000;4.30000000000000e-07,0.00600980000000000;4.40000000000000e-07,0.00350580000000000;4.50000000000000e-07,0.00301380000000000;4.60000000000000e-07,0.00397100000000000;4.70000000000000e-07,0.00694870000000000;4.80000000000000e-07,0.0164770000000000;4.90000000000000e-07,0.0249730000000000;5.00000000000000e-07,0.0335830000000000;5.10000000000000e-07,0.0527860000000000;5.20000000000000e-07,0.0631280000000000;5.30000000000000e-07,0.0805970000000000;5.40000000000000e-07,0.0999360000000000;5.50000000000000e-07,0.158630000000000;5.60000000000000e-07,0.199190000000000;5.70000000000000e-07,0.292000000000000;5.80000000000000e-07,0.444020000000000;5.90000000000000e-07,0.547200000000000;6.00000000000000e-07,0.518150000000000;6.10000000000000e-07,0.510120000000000;6.20000000000000e-07,0.402940000000000;6.30000000000000e-07,0.353470000000000;6.40000000000000e-07,0.276200000000000;6.50000000000000e-07,0.234350000000000;6.60000000000000e-07,0.172640000000000;6.70000000000000e-07,0.131780000000000;6.80000000000000e-07,0.0549950000000000;6.90000000000000e-07,0.00901150000000000;7.00000000000000e-07,0.00207170000000000;7.10000000000000e-07,0.000537550000000000;7.20000000000000e-07,0.000145630000000000];
    tr_green = [4.00000000000000e-07,0.00401560000000000;4.10000000000000e-07,0.0105470000000000;4.20000000000000e-07,0.0445750000000000;4.30000000000000e-07,0.0508390000000000;4.40000000000000e-07,0.0707450000000000;4.50000000000000e-07,0.0917660000000000;4.60000000000000e-07,0.127860000000000;4.70000000000000e-07,0.270330000000000;4.80000000000000e-07,0.570340000000000;4.90000000000000e-07,0.621030000000000;5.00000000000000e-07,0.811230000000000;5.10000000000000e-07,0.933340000000000;5.20000000000000e-07,0.879250000000000;5.30000000000000e-07,1;5.40000000000000e-07,0.900320000000000;5.50000000000000e-07,0.898210000000000;5.60000000000000e-07,0.752410000000000;5.70000000000000e-07,0.718610000000000;5.80000000000000e-07,0.565570000000000;5.90000000000000e-07,0.439870000000000;6.00000000000000e-07,0.273290000000000;6.10000000000000e-07,0.160990000000000;6.20000000000000e-07,0.0779930000000000;6.30000000000000e-07,0.0519020000000000;6.40000000000000e-07,0.0340450000000000;6.50000000000000e-07,0.0259870000000000;6.60000000000000e-07,0.0186650000000000;6.70000000000000e-07,0.0181690000000000;6.80000000000000e-07,0.0104520000000000;6.90000000000000e-07,0.00244500000000000;7.00000000000000e-07,0.000711020000000000;7.10000000000000e-07,0.000217530000000000;7.20000000000000e-07,8.28600000000000e-05];

  transmission = 

end

